-33.9324172,18.8727294
-33.9324239,18.8727243
-33.9324097,18.8727361
-33.9323978,18.8727443
-33.9323353,18.8728064
-33.9322811,18.8728412
-33.9322195,18.8728616
-33.9321647,18.8728903
-33.9321267,18.8729187
-33.932094,18.8729494
-33.932061,18.872979
-33.932043,18.8729905
-33.9320258,18.8729992
-33.9320038,18.8730151
-33.9319733,18.8730435
-33.9319492,18.8730741
-33.9319204,18.8731151
-33.9318948,18.8731595
-33.9318672,18.8732014
-33.9318302,18.8732502
-33.9317949,18.873283
-33.9317236,18.8733355
-33.9316841,18.8733668
-33.9316614,18.8733913
-33.9316193,18.8734299
-33.9315824,18.8734521
-33.9315438,18.8734689
-33.9314983,18.8734903
-33.9314663,18.8735034
-33.931434,18.873517
-33.9314009,18.8735333
-33.9313702,18.8735485
-33.931345,18.8735616
-33.9313208,18.8735717
-33.9313114,18.8735717
-33.9313021,18.8735734
-33.9313269,18.8735639
-33.9313292,18.8735635
-33.9313285,18.8735661
-33.9313241,18.873572
-33.9313227,18.8735796
-33.9313195,18.8735937
-33.9313121,18.873609
-33.9313037,18.87363
-33.9313015,18.8736602
-33.931293,18.8736965
-33.9312821,18.8737284
-33.9312676,18.8737697
-33.9312528,18.8738089
-33.9312329,18.8738547
-33.9312071,18.8739113
-33.9311865,18.8739564
-33.9311582,18.8740109
-33.9311394,18.874051
-33.9311126,18.8741117
-33.9310906,18.8741649
-33.931073,18.8742075
-33.931051,18.8742529
-33.9310357,18.8742802
-33.9310175,18.8743059
-33.9309994,18.8743332
-33.9309864,18.8743592
-33.9309701,18.8743855
-33.9309536,18.874411
-33.9309377,18.8744382
-33.930922,18.8744692
-33.9309085,18.8744972
-33.9308877,18.8745282
-33.9308678,18.8745523
-33.9308515,18.8745787
-33.9308366,18.87461
-33.9308242,18.8746409
-33.9308102,18.8746756
-33.9307979,18.8747041
-33.9307859,18.8747348
-33.9307756,18.8747681
-33.9307717,18.8747971
-33.9307609,18.8748297
-33.9307489,18.8748568
-33.9307314,18.8748954
-33.9307161,18.8749295
-33.9307032,18.8749643
-33.9306887,18.8750114
-33.9306811,18.8750491
-33.9306743,18.8751
-33.9306612,18.8751495
-33.9306448,18.8751835
-33.9306259,18.8752142
-33.9305966,18.8752552
-33.9305759,18.875292
-33.9305567,18.8753321
-33.930533,18.8753793
-33.9305094,18.8754228
-33.9304822,18.8754817
-33.9304702,18.8755203
-33.9304608,18.8755631
-33.9304465,18.8756164
-33.9304354,18.8756672
-33.9304293,18.8757081
-33.9304219,18.8757472
-33.9304136,18.875787
-33.9304053,18.8758201
-33.9303947,18.8758559
-33.9303849,18.875913
-33.9303854,18.8759602
-33.9303889,18.876003
-33.9303937,18.8760599
-33.9303972,18.8760956
-33.9304007,18.8761377
-33.9304018,18.8761873
-33.9304,18.876228
-33.9303958,18.8762701
-33.9303896,18.8763128
-33.930385,18.8763513
-33.9303752,18.8764096
-33.9303664,18.8764505
-33.9303546,18.8765095
-33.9303498,18.8765542
-33.9303437,18.8766081
-33.930338,18.8766439
-33.9303307,18.8766737
-33.9303277,18.8767218
-33.9303217,18.8767674
-33.930318,18.8768115
-33.9303133,18.8768646
-33.9303074,18.876904
-33.9303001,18.8769512
-33.9302876,18.8770093
-33.9302726,18.8770548
-33.9302584,18.877111
-33.9302417,18.8771664
-33.9302277,18.8772284
-33.9302188,18.8772764
-33.9302124,18.8773195
-33.9302045,18.8773756
-33.9301959,18.8774288
-33.9301877,18.8774906
-33.9301826,18.8775319
-33.9301736,18.8775904
-33.9301656,18.8776231
-33.9301558,18.8776563
-33.9301471,18.8776895
-33.93014,18.8777199
-33.9301328,18.8777536
-33.9301267,18.8777808
-33.9301208,18.8778172
-33.9301178,18.8778518
-33.9301146,18.8778836
-33.930117,18.8779183
-33.9301231,18.8779548
-33.9301331,18.8779977
-33.9301418,18.8780338
-33.9301508,18.8780706
-33.9301649,18.8781168
-33.9301725,18.8781528
-33.9301803,18.8781953
-33.9301909,18.8782469
-33.9302036,18.8782851
-33.9302189,18.8783224
-33.9302351,18.8783694
-33.9302463,18.8784073
-33.9302524,18.8784543
-33.9302507,18.8784973
-33.9302474,18.8785577
-33.9302446,18.8786042
-33.9302369,18.8786543
-33.9302273,18.8787009
-33.9302149,18.8787717
-33.930197,18.8788481
-33.9301885,18.8788916
-33.9301822,18.8789317
-33.9301774,18.8789634
-33.9301704,18.8790094
-33.9301648,18.8790441
-33.9301575,18.8790777
-33.9301493,18.8791158
-33.930138,18.8791442
-33.9301281,18.8791755
-33.9301186,18.8792079
-33.9301088,18.8792378
-33.9300962,18.8792681
-33.9300873,18.879291
-33.9300768,18.8793087
-33.9300667,18.8793295
-33.9300625,18.8793435
-33.9300634,18.8793531
-33.9300711,18.8793282
-33.9300762,18.8793193
-33.9300763,18.8793362
-33.930075,18.8793581
-33.9300747,18.8793938
-33.9300766,18.8794307
-33.9300756,18.879471
-33.9300739,18.8795216
-33.9300715,18.8795755
-33.9300696,18.8796294
-33.9300683,18.87967
-33.9300655,18.8797097
-33.9300603,18.8797596
-33.9300575,18.8798001
-33.9300554,18.8798411
-33.9300514,18.8798892
-33.9300461,18.8799269
-33.9300402,18.8799743
-33.9300373,18.8800206
-33.9300343,18.8800598
-33.9300341,18.8801041
-33.930032,18.8801352
-33.9300234,18.8801716
-33.9300138,18.8802029
-33.9300047,18.8802349
-33.9299975,18.8802665
-33.9299908,18.8802985
-33.9299854,18.8803285
-33.9299871,18.8803669
-33.9299877,18.8803971
-33.929988,18.8804509
-33.9299903,18.8804837
-33.9299902,18.8805249
-33.9299884,18.8805592
-33.9299874,18.8806015
-33.929989,18.8806421
-33.9299891,18.8806794
-33.9299922,18.8807256
-33.9299923,18.8807658
-33.9299907,18.8808024
-33.9299892,18.8808414
-33.9299894,18.8808816
-33.9299831,18.8809325
-33.9299765,18.8809707
-33.9299709,18.8810098
-33.9299665,18.8810711
-33.9299677,18.8811118
-33.9299749,18.8811778
-33.9299849,18.8812288
-33.929989,18.8812795
-33.9299911,18.8813258
-33.9299971,18.8813908
-33.930003,18.8814444
-33.9300111,18.8815012
-33.9300177,18.8815438
-33.9300291,18.881613
-33.9300349,18.8816687
-33.9300392,18.8817214
-33.9300427,18.8817612
-33.9300477,18.881806
-33.930055,18.8818588
-33.9300629,18.8819131
-33.930075,18.8819615
-33.9300907,18.8820069
-33.9301015,18.882039
-33.9301141,18.8820721
-33.9301263,18.8821053
-33.9301407,18.8821544
-33.9301524,18.8821916
-33.9301714,18.8822265
-33.9301857,18.8822541
-33.9302033,18.8822741
-33.9302215,18.8822821
-33.9302437,18.8822877
-33.9302579,18.8822913
-33.9302744,18.8823005
-33.9302913,18.8823127
-33.9303099,18.8823327
-33.9303331,18.8823566
-33.9303581,18.8823794
-33.9303663,18.8823824
-33.9303772,18.8823946
-33.9303853,18.8824022
-33.9303937,18.882409
-33.9304022,18.8824107
-33.9304029,18.8823984
